# 4-input rewrite subgraphs (up to 5 cones per NPN class, nAnds <= best+1)
# classes 12 graphs 60
12
0x03FC 4 15 5 3 8 6 7 9 13 11
0x03FC 4 14 5 3 9 6 7 8 11 13
0x03FC 4 14 5 3 9 6 7 8 13 11
0x03FC 4 14 5 3 9 6 8 7 11 13
0x03FC 4 14 5 3 9 6 8 7 13 11
0x033F 4 15 7 5 6 4 11 3 13 9
0x033F 4 14 7 5 9 2 6 4 11 13
0x033F 4 14 7 5 9 2 6 4 13 11
0x033F 4 14 7 5 9 2 4 6 11 13
0x033F 4 14 7 5 9 2 4 6 13 11
0x03C3 4 15 5 3 2 4 10 7 13 9
0x03C3 4 15 5 3 4 2 7 10 9 13
0x03C3 4 15 5 3 4 2 7 10 13 9
0x03C3 4 15 5 3 4 2 10 7 9 13
0x03C3 4 15 5 3 4 2 10 7 13 9
0x03C0 5 16 5 3 9 6 2 4 13 7 15 11
0x03C0 5 16 5 3 9 6 4 2 7 13 11 15
0x03C0 5 16 5 3 9 6 4 2 7 13 15 11
0x03C0 5 16 5 3 9 6 4 2 13 7 11 15
0x03C0 5 16 5 3 9 6 4 2 13 7 15 11
0x0FF0 3 13 7 4 6 5 11 9
0x0FF0 3 12 7 5 4 6 9 11
0x0FF0 3 12 7 5 4 6 11 9
0x0FF0 3 12 7 5 6 4 9 11
0x0FF0 3 12 7 5 6 4 11 9
0x003F 2 10 2 4 7 9
0x003F 2 10 2 4 9 7
0x003F 2 10 4 2 7 9
0x003F 2 10 4 2 9 7
0x003F 3 12 4 3 9 4 11 7
0x0003 2 10 7 5 8 3
0x0003 2 10 7 3 8 5
0x0003 2 10 7 5 3 8
0x0003 2 10 5 7 3 8
0x0003 2 10 5 7 8 3
0x003C 4 14 5 2 4 3 11 9 13 7
0x003C 4 14 5 3 9 7 4 2 10 13
0x003C 4 14 5 3 9 7 4 2 13 10
0x003C 4 14 5 3 9 7 2 4 10 13
0x003C 4 14 5 3 9 7 2 4 13 10
0x00FF 2 10 6 5 9 7
0x00FF 2 11 7 5 6 9
0x00FF 2 11 7 5 9 6
0x00FF 2 11 5 7 6 9
0x00FF 2 11 5 7 9 6
0x03CF 3 13 3 5 7 2 11 9
0x03CF 3 13 5 3 2 7 9 11
0x03CF 3 13 5 3 2 7 11 9
0x03CF 3 13 3 5 2 7 9 11
0x03CF 3 13 3 5 2 7 11 9
0x0000 2 10 6 5 8 7
0x0000 2 10 7 5 6 8
0x0000 2 10 7 5 8 6
0x0000 2 10 7 5 4 8
0x0000 2 10 7 5 8 4
0x000F 1 8 5 7
0x000F 1 8 7 5
0x000F 2 10 6 5 9 5
0x000F 2 10 7 5 8 7
0x000F 2 10 7 5 7 8
